89262047565
89263574211
79031631922
89262216880
89037619561
89262408274
89166279012
83169233628
81904001086
79099657999
79036139163
89255147093
79852939825
89267773312
89167744318
89689215298
79687200655
89164936863
89104281283
89859216879
89060362882
89263150103
89055741715
89161462935
89166948641
79055987144
89035137895
89169213754
84959451858
84959454245
84959453598
84959455009
84959453873
84959460358
84959452149
84959458024
84959450862
84959450682
84955756393
84959456215
84959456729
84959460885
84956137121
84959454711
84959456599
84956131174
84959450838
84959458858
84959452939
84957222004
84956564958
84959455859
84959452286
84959450831
84959450405
84959459509
84957845121
84956149608
84959461965
84951307258
84959453743
84959455666
84959451684
84959451764
84959454054
84959455693
84959458356
84959454781
84959455805
84957748806
84956122644
84959457099
84959451896
84959451387
84959400516
84955179401
89165399272
84953815756
84952313153
84959456720
84957893616
84951309908
84959458932
84959450144
84959452521
84955180676
84959460281
84956133169
84959453885
84957623895
84959453166
84959451739
84959452530
84956138043
84959454657
84959460185
84959453128
84959461810
84955514117
84956130933
89161290137
84959456810
84959458343
84959456028
84959454611
84957924949
84959453630
84959455236
84956132722
84959456145
84959450509
84956131813
84959455212
84959451555
84959453745
84959454035
84959459884
84956134304
84959452537
84956130214
84959455567
84959456171
84956132697
84959458629
84959454490
84959453848
84959454499
84959452633
84959454731
84959458567
84959455812
84959455663
84959453190
84959456541
84955086654
84959455658
84959454176
84959456878
84959451691
84959460703
84959453915
84959458209
84959460194
84959459666
84959455645
84959469041
84959453874
84959456220
84956133928
84959455308
84959454634
84959458838
84959455410
84957841419
84959450835
84959458063
84959453421
84959456197
84952538403
84959451550
84959461891
84959458621
84959450656
84959456194
84959452500
84959451590
84956143232
84957431989
84959454792
84959450638
84957629166
84959458324
84956135188
84959456135
84956137431
84959458233
84959451179
84959461214
84959456030
84956137180
84959456475
89161675012
84959451065
84959451337
84957551663
84959453701
84959460950
84959451044
84959460875
84959458461
84959455692
84959461004
84956133212
84956138942
84959454095
84959451821
84956133924
84959452961
84959450266
84959457338
84956134076
84959458179
84957739828
84959456610
84956132639
84957639469
84959451902
84959456945
84959455257
84956147804
84959454214
84959453836
84959460274
84957746145
84959450995
84959456860
84956137208
84959456050
84959455168
84959455126
84953625701
84959458802
84959454406
84959454512
84956133101
84959456233
84959454429
84959918443
84956133139
84959460794
84959455445
84953457220
84959461039
84959456248
84959458383
84959453589
84959455989
84952589999
84959458990
84959453647
84959461602
84959456067
84959453526
84956135094
84959460063
84959452744
84959456493
84959450954
84959456113
84959452316
84959461009
84951510063
84959452577
84959460421
84959458117
84956136044
84959019861
84959455444
84957408072
84959453241
84959453864
84959456024
84959451601
84959454648
84959458596
84959455909
84959455651
84956132668
84959451862
84957683893
84959450043
84956132086
84956187910
84959452331
84959454679
84959453958
84959450544
84959461056
84959458053
84959451660
84959458114
84959453583
84956133530
84959458307
84959454795
84959455469
84957916099
84959450353
84959454632
84959454216
84959994794
84959451824
84956108618
84959458792
84954036127
84956221755
84957679599
84959450563
84959453622
84957631755
84956127443
84956132303
84959450536
84957643378
84959456741
84959454635
84956133066
84951098873
84959456827
84959452036
84959460406
84959455442
84959453623
84959458249
84959451198
84959452979
84956132325
84959458350
84959456247
84959454051
84959453353
84959454949
84959454707
84956131804
84959451141
84959454813
84959455722
84959458030
84959453694
84991914723
84959458803
84954518019
84956701824
84959795004
84956754025
84959674742
84991898396
84991206189
84959456343
89161558082
89166196051
84959454994
84956130312
84959461666
84959456226
84959455635
84959455492
84956753412
89161408424
84959458624
84959451212
84956130294
84959453736
84956134488
84952462689
84959453959
84959457936
84956127176
84959458737
89161867287
84959454791
84956137546
84959454448
84957630757
89166953825
84956130191
84959460929
84959453225
84959453858
84957662193
84959451653
84959453440
84959454024
84953961726
84954265934
84959456981
84959117038
84956135268
84956130221
84956138033
84959456988
84959452660
84959458731
84959455276
84954444806
84954958388
84957951594
84956133715
84959453323
84959454058
84951361317
84959451777
84956137496
84959458103
84959454278
84959460526
84959454638
84959456207
84956133395
84959456940
84957613313
84959454487
84957697269
84991800404
84957767915
84991301893
84957604974
84956135637
84959461997
84959452031
84959457665
84959453785
84957319839
84959453875
84959452851
84959455937
84959455447
84959454063
84959450808
84956135953
84959452359
84959455670
84957495771
84959457138
84959460053
84957977375
84951015288
84959458449
84959460777
84956138514
84959461282
84959458929
84959456784
84952478811
84959460238
84955006644
84959454593
84959454224
84956132685
84959451272
84959461219
84959458625
84959458407
84959458148
84959454409
84957712953
84959455139
84956130269
84991327971
84959460134
84959455991
84959453593
84959454064
84959460309
84959450896
84959455627
84957664290
84959451767
84959457629
84956130207
84959455463
84959451779
84959458577
84959460541
84956133944
84956135510
84959453037
84959450950
84959458882
84956137314
84959452985
84959453650
84959456365
84959461159
84956133431
84959458358
84956135960
84959454574
84956133151
84956133354
84991441640
84959458360
84959458070
84959456032
84959455300
84959455682
84956132676
84959453632
84957293474
84957109996
84959678155
84957803148
84956130184
84959451857
84959460339
84959454096
84959454852
84957914742
84959456253
84959456834
84959450519
84959458089
84959453781
84956133629
84959455459
84959453631
84959458962
84959452674
84959912414
84959974893
84959451938
84956133366
84959453553
84956133132
84959455153
84959693017
84959450901
84956134430
84959635314
84959454234
84959451671
84959456208
84956136755
84959453853
84959454503
84959452350
84959461722
84959450315
84959456696
84959453590
84957950099
84959453118
84959458598
84959456147
84955176824
84956130267
84959455425
84957840502
84959458683
84959601380
84959057175
84959457810
84951099261
84959453967
84959460123
84956133373
84959456299
84957456963
84956138736
89851024612
84959461927
84956132804
84959450689
84959458253
84959460006
84957266412
89037451465
89165308993
84955495302
89165903953
84959456273
89035941130
89165191410
89161637149
84959063886
89031037399
89031511858
84959455201
89162932318
84959683372
89031822888
84959455412
84959450556
89104325890
89161636227
84957127054
84954111075
89151456684
84959456912
89032577773
84956137632
84956781654
84954484053
84959618989
84957903236
84959458245
84959455504
89031361317
84959450650
84951548167
84959458065
84959458935
84959458694
84959456250
84959451723
84957715221
84959454631
84957400998
89851015288
84956135004
84959461595
84959452514
84959460209
84959985540
84957988890
84959456214
84992421526
84956134280
84953499129
84951075643
84959454592
84959453023
84957253999
84956122140
84951543716
89057628560
84959456692
84959456619
84956136008
84959451842
89031307258
84956145053
84952334009
89067201331
84992525961
89161045981
84959415265
84959454476
84959458888
84959453434
84951541547
84957692851
89168781653
89175746821
84959458051
84956130636
84951240264
84959453649
89168871720
84959453176
89851394423
84953094932
84951543125
84959167973
84955140189
84959742868
84954145058
89160150909
89166761730
89168101027
89099968908
89166226474
89162750160
89031299535
89165949835
89030070601
89168230208
89104870177
89162413458
89851995171
89057871257
89154690480
89859245323
89165557218
89161513693
89164056357
79169947312
89031308265
89163762743
84956134471
89150688442
84959215288
89154593379
89037343897
89104649455
89167002020
84957247382
89262530935
89166177081
89262673959
89037468730
79262354045
89015164597
89036629429
89037656462
89036603473
84959454053
89851078798
89160553496
89057351246
89161376829
84959453588
84956434838
89165034023
89037644417
89175734423
79262585309
84959455696
89167550055
79036846400
89166852500
84955186013
89153507795
89055980109
89637501038
89262366300
89262202528
89161576523
89035250807
89169018122
89164617608
89037776673
89164584545
89031543437
89031186440
89268281281
89262585547
89032300156
84991972335
89169744968
89165555379
89036215100
89031627879
84959456767
89162247129
89197242196
89265962454
84955199638
89036824758
89175659444
89165185939
89166363848
84956481561
84956286392
84959458004
89163527358
89057141005
89639992404
89261714221
89164932489
89057010954
89166908371
89035324938
84956374100
84957102599
89162066209
89057370752
79167441248
89037833701
89096516643
89166234158
89091634800
84959912864
89175679132
89161616444
89166132797
84957903112
84959690010
84957450775
84959690035
84959455388
84959979645
84959454837
84956128851
84959458357
84959460533
84956137005
84959461016
84959456211
89036846400
84959458822
84959453437
84955011586
84959456114
84959450867
84959453581
84956136074
84959451769
84959453614
84959458069
84956135151
84959450540
84959450192
84959453557
84959452885
84959460805
84959455849
84957601246
84956202515
84956132042
84959451148
84959457252
89262354045
84959455807
84954958053
84954696744
84959453223
84959452354
84959458865
84959453628
84959455625
89851318293
84959675355
89035999901
89165292491
84959459605
89261844422
89161455889
89057775055
84959455529
89067896383
84959454942
84959458936
89037451870
84956130197
89852221755
84959458235
84959412354
84959458135
89262653076
84959453814
84956133276
84959451636
84959453157
89162136240
84959460223
84956133532
89166800634
84999719405
89015047578
84959458364
89036121242
89037371993
89852333806
84959454408
79057640075
89152666254
84957851932
84952340704
89099001213
79150741991
89104401259
89067632748
79166756813
84956260432
84956613032
84952219636
84959453569
84959458421
89104353763
84955026801
89261632351
89035339629
89263199920
89166411053
84957306052
84959454461
84956131755
84957233857
84952239298
84959743508
84956230546
84956282875
84954957976
84957889071
84957746633
84957634271
79032577773
84956137396
89161750192
79261458983
89265532906
89161234675
89161557799
79167156619
79161872656
79153078918
79157215271
79646270529
79264749990
79153155891
79162053952
79261331151
79161807077
79835647477
79031441020
79250585301
79651413322
79168867102
79167733238
79037905909
79264918857
79608810011
79036247674
79106009843
79057235525
79168437331
79263359741
79263439923
79057494922
79629732730
79632250717
79264509977
79265844788
79165477186
79106447666
79261736998
79168717416
79169332778
79857728575
79639989417
79201969686
79099147995
79254087488
79265667530
79154523530
79057229909
79857292668
79037170706
79150632159
79251984595
79261688434
79164515059
79647227766
79055412146
79055181464
79265600152
79266305816
79776613446
79629751068
79647709595
79268686580
79031365252
79055347769
79099835218
79647225599
79854929840
79031669930
79096960133
79262047958
79859918443
79166531126
79647736684
79186406044
79067487072
79203852252
79037264461
79780475184
79261877604
79645688855
79263206770
79265110752
89165555310
89265911402
89857649683
89261594815
89037260568
79857638267
84957782377
89096711200
89166933771
79131070498
79672399922
79162393448
79067831115
79165237292
79660220222
79272237232
79256423615
79257974380
79103279201
79039777752
79161005151
79151909999
89057681631
89859999528
84997406900
89031255888
89162252149
89154949364
84956126038
84991577143
84991570490
84991574960
84991577222
84959512668
84952588080
84991577947
84954569400
84951987962
84991573735
84951987524
84991570512
84991574008
84991572346
84991575186
84991575896
84957902439
84954768546
84957848761
84991577479
84991574426
84991575888
84951984827
84951989895
84951981496
84955799310
84951980188
84991576002
84991576467
84991576059
84991574116
84954991571
84951987421
84951986912
84955142306
84991571580
84991572487
84951511782
84951658052
84957993027
84991574181
84991576686
84991982814
84991576923
84991989933
84991576869
84991576748
84991571042
84991577589
84951982955
84951983820
84991571760
84991571359
84991575836
84991571103
84957431361
84991570433
84954991980
84991571425
84991574491
84991577917
84991570854
84954604886
84991574580
84991987421
84953644550
84991574493
84991570835
84991981841
84991576332
84991570516
84991570970
84991988980
84959251001
84991575074
84991570864
84951061070
84991571715
84959005876
84957625436
84957725439
89163575980
84991570982
84991575038
84951577140
84991983820
84951574580
84951575944
84951574493
84951099771
89165310749
89057136303
89636107370
89035805478
84991571896
89162011550
89039680159
89168584229
89262296017
89166257973
84957997591
89035273292
84957594812
84991577608
84991577196
84991987524
84991576641
89268332778
79104844054
79104733706
74991579756
84954508892
84991984827
74991980188
89166050015
84957920635
84959568460
89104659694
89163937895
79037997591
79857624623
79851693838
79056426812
79258557115
79150779833
74952318180
79164201964
79037904948
74952310333
79109733396
79036296120
79165795990
89161696138
89056468907
84959211462
89056735581
89037292233
89163281159
89169003903
89161579040
89262267046
89151046594
89037994351
89104001174
74955991348
89035130066
84957535650
84956421787
89152363982
89859913485
89162166153
84997404274
89031570021
84957667055
84957404846
89169054866
84957255885
89031820644
84957223616
79222082245
79163733733
92592200419
79030007677
90372689699
79857742807
79037290407
79259220041
79645903352
79261534419
79645669658
79857685723
90315804069
92574005819
79645965445
79161580132
79032995507
79151996283
79813033533
79055951548
79173451093
79265226163
79163142715
92643020369
79093401815
79627188080
79037486683
79152952022
79175687399
79269820782
79164428688
79251976699
79168834538
79263151597
79269410178
79166305059
79152290108
79859231845
79035780249
79162112120
79055325969
0
79152348519
79181756129
79128561139
79651706066
79219312263
79852495560
79266534013
74952339373
79859998812
74997264240
89163159663
89250112150
79629070735
79262279710
89856439188
89169504154
89099231437
89154294027
89163161161
89057984044
89166898667
84991983404
89096681549
89057549377
84959433513
84959431415
84959432566
84959430634
84959430529
84951981192
84951981118
84951983135
84951983705
84951983191
84959434064
84953370477
84959432430
84957673886
84951983321
84951982803
84959431174
84959434689
84959431095
84951950413
84954203069
84954148894
84959432442
84959481001
84952206690
84951058105
84959952222
84951989246
84951959503
84951950874
84955784032
84951951592
84951983100
84959432591
84955187819
84951959067
84954889433
84951472648
84951983789
84951951576
84959434577
84959434768
84951981502
84959431438
84959433748
84959430527
84954836928
84959433486
84951983141
84957960062
84955434927
84959330553
84959432512
84951950961
84951981407
84959431537
84952599861
84959430553
84959430651
84951958584
84959433541
84951982904
84959432661
84957504619
84956823834
84991977830
84959431411
84951983183
84959432698
84959431525
84951950978
84955233600
84951981186
84959431637
84951983248
84959432675
84959433442
84959430641
84959430655
84951027999
84953489297
84957235091
84959430325
84955097422
84951049378
84959431530
84951982874
84951982709
84959435748
84959432501
84959432769
84959431413
84959610015
84951507856
84959430676
84951950847
84951989997
84951959802
84959432608
84959432702
84959430185
84959433591
84959431650
84951951516
84959434604
84959433402
84959431583
84953370293
84959431551
84959430743
84951983370
84951983391
84959434414
84959434762
84959433847
84959434537
84951982500
84959431569
84951983123
84951951205
84959432483
84959432240
84959434549
84951983703
84951983245
84951987918
84951983349
84959432593
84951050105
84959431849
84959434618
84951951185
84959432197
84959434595
84959434561
84959432053
84959166107
84959432716
84951981552
84954472877
84999432222
84991984490
84999434821
84999434762
84991950874
84991989246
84959430313
84957617928
84951525235
84951950417
84959433553
84959432017
89166141800
84959432260
84959432644
84959432302
84951904735
84951958565
84951983143
84951983241
84959431951
84951989788
84956701902
84959434731
84959431224
84959434741
84951981558
84951985459
84951981515
84951950072
84959431552
84959430574
84959430507
89851021340
84954999434
84991983356
84991498338
84954999433
84999434804
84999432703
84999430170
84991983478
84999431548
84991953363
84991983360
84991982906
84999432548
84999432420
84999432758
84991983222
84999431265
84999430639
84999433847
89167886862
89055673333
84957210345
89169605987
84991959015
84959495153
84999434560
84953917593
84959430528
84957605043
84959433796
84999431962
84959431963
84959431844
84959432404
84951982212
84999431535
89031364240
84957916277
84955084183
84959434737
84957669689
84999430655
84954952331
84999434414
84951050100
84999430312
84955075032
84999434927
84999430768
84999434697
84999431621
84991983191
84991983135
89851058105
84954148885
84991981290
84999432056
84991983392
84999432602
84999432017
89161596135
84959430636
84999434537
89099204079
84999431673
84999434521
84956056700
84991983321
84999432390
84959436261
84999432407
84951982563
84954533088
84959434633
84999438746
84991983228
84991953588
89057286574
84999430650
84999432609
84951984308
84999434613
84999432594
84999433787
89153050005
84959431662
84999431553
84951982717
84959434514
84999430501
84991950390
89067291313
84959431556
84999432259
84957599861
84959997408
84999430529
89637128264
84951980468
89161234303
84957054070
84951982958
84999434555
84999431532
84991950991
84999432529
84951957335
84999432610
84991472648
84991951592
84959433562
84999434040
84999430550
89163666463
84991950002
89266071541
89037817734
84999433571
84959431616
84991951547
84991951841
84999434847
84999432644
84991981016
84991983260
84959434621
84999431443
84991981192
84999783220
84991982507
84991571826
84959430547
84957495768
84999433553
84956262084
84991983158
84951984327
84991988266
84991984004
84951983157
84991982843
84999432473
84959431862
84956434073
84959432633
84957892575
84991983236
84951982944
84991953085
84991983355
84991984401
89161450958
84959994314
84991981165
84954903116
84955177302
84991951516
84991952170
84991982904
84959431605
84999426643
84999430516
84951951161
84953921771
84951024936
89067597379
84991983783
84959430516
84959436897
84951959079
84954999430
84999434767
84951950563
84959080622
84956566333
84991958717
84959364290
84954997405
89851050100
84957903723
84959694507
84957565759
84999432310
84951305953
84951058101
84956190087
84991982549
89165521025
89032088018
89057524942
89035078185
89055055632
84991983384
89104375091
89035064910
89060615418
89036751000
84999430185
89166879177
84997627879
84957696989
84991958366
89104617054
84999434832
89166143984
89161332522
84999434690
89161165646
89165076844
89169123672
89161836140
89851698496
89161754042
89057224836
89096806024
84999430647
84999432700
84999430667
84991987523
89153758830
84991983443
89265889021
89161530356
89269629731
89163184924
89033261834
89051595708
89057376667
89168359406
89166484589
89637111873
84991981138
84999430547
89164634254
89099215900
84955051036
89265616133
89166221026
89151193872
89261504467
84999431828
89035957946
89031095063
89262534748
89055157354
84991983185
89099199558
89262450560
84955000061
89031305953
89165613213
89055653134
89037143467
84991983637
89031429059
84957401782
79262084893
84999432411
74959606280
84999431562
84999430767
84997642357
84999431605
84957230201
89035116313
84991982874
84999433722
84999431849
84999434665
84955073200
89032873407
84999431675
89175790006
84999432614
84999434573
84999431851
84959606280
84991980539
84957842711
84991980326
84999432716
84991981552
84991957335
84991951161
84999434514
84999434731
84991985459
84991981515
84999431552
84999430574
84999430507
84999436261
84999432633
84991983789
84991951576
84952227999
84991982709
84999432769
84999431484
84999434530
84999430746
89031367748
84999432591
84991959272
89265251437
84999434545
84999433796
89037432538
89037254926
89267389730
84999431558
89162942800
84999432667
89162168558
89262732017
89161222120
84959406944
84991983125
84999432712
79852229016
89035683538
84952399527
79261651011
89036695496
89165939734
89165577707
84991360558
89039694696
84959955664
84955083489
79037817734
89032378133
89169544040
79060832072
79101682979
79168019604
89261966087
89263032523
89255079127
89037416781
89037995956
89015393252
89166528258
79031806021
89036140737
89175800671
79031148008
89852116025
89165673425
79851072526
89672709046
89035078167
89852277888
89261711212
89161662181
89166059734
89853640497
89036824283
89169117524
89100030025
89104069252
89055010831
89099702050
79037970628
84997627021
89037627214
89166755878
84991954112
84959433478
84959433187
84959433713
84951951165
84959430780
84951954675
84959432397
84959433510
84951980263
84951954266
84959431189
84959432304
84951954342
84959434722
84959431058
84951952517
84959437264
84951952408
84951954296
84959431367
84959431201
84951950088
84959431325
84951953380
84951958392
84951951640
84959431228
84951950411
84951952037
84959437218
84959433918
84951980367
84951958328
84951950640
84959432084
84959432528
84991952664
84991958231
84999431367
84991980264
84991954266
84951980229
84959431188
84959431968
84959434746
84959432552
84952463050
84951950873
84959434662
84959432237
84951097728
84959434562
84959432784
84951954639
84951954352
84959434710
84959434497
84959432125
84959433288
84959430304
84951951749
84999431077
84953637694
84951954336
84999433062
84951980314
84959434815
84951952426
84991570268
84959433941
84991954443
84959431383
84951954172
84959435116
84959166000
84959471314
84951952518
84959433471
84959432723
84951951932
84959434012
84951951834
84951950704
84951952376
84951954332
89032053950
89104127676
84959438861
84959436416
84959431732
84959692930
84959438998
84951954192
84959433706
84959432010
84951953729
84991951775
84959431657
84959167712
84959431946
89067979100
84959431640
84999432736
84954991950
84999430704
84999432063
84957596174
89055745167
84991954552
84951952812
84999433427
84999434757
84991953595
84951954422
84999431741
84951951936
84951954159
84991951408
84951951408
84951954137
84991953841
84999432707
84999433728
84999431331
84999431194
84959433898
84959433509
84991958334
84959433840
84959433519
84991950857
84999434034
84991951657
84999431800
84959431078
84954564284
84991950506
84959985602
84951954555
84959415332
84959431893
84951039770
84951950896
84999433406
84959433413
84951958119
84991988126
84991980254
89162054614
84959433731
84999432312
84999437231
84959433645
84999431965
84951958402
84991959074
84954999431
84999430349
84951959265
84957493334
84991954131
84951950758
84999431924
84951952452
84959432921
84999433757
84959435368
84959433891
84951953201
84999432377
84951951425
84959431979
84959433198
84957557335
84959432254
84959430646
84959606958
84999432251
84954105804
84951951928
84991950886
84999431676
84999430306
84951959779
84951950983
84999431717
84959432011
84999433617
84951952289
84959430870
84951953573
84951953230
84951959980
84959433996
84991951805
84951954979
89166755919
84959975607
84959433515
84951157907
84951950950
84959433822
84999433618
84991987021
84959433120
84959437241
84991972617
84991980260
84959227859
84959433752
84954996128
84956859218
84956111600
84959433002
84951952329
89099197777
84992432929
84959220864
89032554477
84991950892
84959433919
89262093409
84999431514
84959431751
84957300475
84991950019
84951539634
84991958930
84957818285
84999432701
84991958739
84999437285
84959430089
84959430021
84951536411
84959077055
79265253973
89161078224
89265586871
89262755035
84991953512
89031557453
89166229504
89859289710
89067777191
89166908476
89161662262
89037490117
89163273071
89265252834
89037920480
79162568808
84959438951
84991942605
84999433733
89857748834
89191058902
89166807471
89039271193
84991953412
84956759689
84999430089
84957374201
89262792583
84991954886
89166751025
89037647433
89031748667
79036282548
89162475734
89036288715
89263972795
84959603790
89015309532
84954103043
84999431689
89162962536
84999434809
84991954555
84991951065
89166734667
84999432267
84999431007
84999430084
84953667539
84997285925
84991953094
89036853232
84991958074
89269627502
89165653872
89154113468
84991950983
84991958048
84999433791
84991951011
84999433445
84991954422
84999438554
84991954142
84999435116
84991929529
84999438861
84999432133
84991953729
84991958172
84991953131
84991950950
84991953430
84991953590
84991954332
84991952269
84999434003
84999432750
84991983201
84991954639
84991953511
84991952342
84957982050
84952950147
84991950200
84955008499
84999433509
84999432147
84999430358
84991954460
84999433731
84951519379
84991954770
84999432329
84991954089
84991950425
84991952925
84999433528
84999431427
84991953546
84991951600
84954617762
84999431371
84991950639
84999433429
84999432966
89055049700
89164415314
84954527934
84994092151
89265298306
84999435516
89104009954
89104413272
84999431732
89165288589
89161164171
89162210364
84999228840
89035000840
84999430624
84991951918
84999431201
84999431340
84991957430
84991954987
84991953145
84991950486
89161864863
84997282170
84991959769
89264717211
84999431840
89060781491
89169573357
89167282501
84999433750
89261139029
84999432108
84991958521
84999431349
84991954369
84999431968
84999433794
89035505434
84999432186
89163347129
89032712621
84999432333
84999431770
84959434519
84991954278
84999438809
84991952408
89268235537
89169037759
89057987086
79169271719
84991951264
89032163727
89260793006
84999435494
84991951851
89265250808
84959456045
84991951550
89153630267
84999438556
89265222830
84999431768
84991950407
84999438968
89262269555
84991958269
84955783993
84999430149
84999437520
84999433505
84959166320
89162395030
99161299731
89055222591
89032963628
79636088680
79104358254
79037336459
79039666604
79035321979
79060887568
79610730907
79175577143
79166843621
79268001024
79166082901
79128464504
79169456952
79257568377
79037200686
79260708830
99169420413
79123457844
79153880220
79252212051
79161780568
79166779658
79850623770
79257712595
79261254948
79104713880
79163597683
79859677106
79153153570
79035396717
79859980314
79162251394
79150178787
79099781999
79265222957
79857693319
79857748144
79269130158
79099702050
79031157381
79262038075
79265815483
79036001990
79183053031
79509135622
79096977129
79162322311
79206876321
79109075107
79104673118
79169689682
89037567575
79255458121
92550622249
79032277765
79166088787
79037891064
79263039255
79680052114
79859244008
79161185401
79166858100
79175789781
79035155145
79857676740
91664362099
79264374515
79260356346
79106269820
79268425120
79055204012
79651215176
79265748977
79150858212
79031405042
79857565808
79060315421
79637110544
79194250002
79787162138
79262093557
99637776877
79859952995
79857694326
79060618889
79151060462
79152936707
79636119921
79162992557
98597022979
79085101618
79175843832
79262040814
79265202225
74957398112
79169991447
79169154256
79262361529
79859746508
79037210349
79005822626
79036284139
79168491740
79037977626
79661570333
79015174520
79161019626
79166884273
79037002233
79164999393
79169040585
79624063900
79183039840
79261244508
79654521879
79671311645
79199994644
79263357940
96368605029
79152892561
79268485455
79166772034
79773016465
79857732784
79057179019
79998598877
79286387172
79031103451
79261466286
79689173500
79857619818
79165981727
79681607111
79852031023
79180481313
79166828369
79164449603
79104538854
79629929898
79640058666
79037194890
79168419905
79161009399
79166280559
79161717117
79037462854
79161158589
79104651246
79105745273
79057863333
79268935693
90316279269
79851009292
79032756842
79067254363
79099814847
92576499769
79651477866
96290888879
79166130499
79261274943
79265831698
79161110475
79639690070
79175919901
79859202225
79262242327
79629559443
79058250000
79298963402
79166190609
98576646979
79647968887
79166540040
97742449329
79269498282
96463802839
79629377666
79161946969
79196764002
79030068220
79096722295
92988288899
79691999450
90967728299
79104144828
92563883549
79852085457
79166241922
79255051871
79166820083
79164782824
79031608070
91628482539
92550643669
79253761386
79154131446
79030111312
79037455243
79268201371
79166159993
98522220959
79998007690
79263960852
79645824409
79031760197
79067363443
79150300203
92626370719
79154381075
79036242959
79152313927
79167747087
79036403470
79647881070
79037985150
79174647651
79636822878
79265642880
79153503333
79057065987
79636337912
79258024420
79151276990
79167502657
79165056336
79160313441
79288313242
79107909122
79688765888
79262245259
79267594571
79255063224
79255050606
79151360629
79690892323
79266516989
79031644248
79167213804
79255002373
79165748250
79629903050
79854109055
79261300506
79251137450
79645100077
79652655353
79168136867
79646439163
79015343584
79262637071
79039682571
79036605669
79260374849
79166142538
79017227953
79106489179
79267311112
79159358920
79163530966
79286660009
79199999890
79150561085
79857564376
79852160909
79055105363
79257726490
79265298400
79032991081
79266907785
79501506888
79036846767
79166474418
79622466433
79265829297
79652200702
79168317484
79169109499
79167057131
79031119561
79175177776
79166125990
79164502594
79652768292
79266260367
79154134779
79036995113
79043226611
79201118883
79036883791
79636312695
79037552280
79259135073
79269194610
79104520488
79036222602
79154592457
79165782091
79099152316
79035602310
79165477332
79153661315
79852334062
79037227772
74957726490
79857656913
79163638776
79645666662
79682831445
79166585922
79853502977
79163763198
79166954744
79857648587
79037210155
79161601332
84957807053
84952599417
84959401192
84959400937
84952594578
84952592037
84959401916
84952598321
84952562668
84952598290
84951600385
84954514865
84952563781
84959402071
84952598344
84952598705
84952563384
84959055419
84952598372
84952597878
84954287168
84959400959
84952598306
84952598340
84952566546
84952564190
84957851111
84954576740
84952566537
84953887669
84952561921
84991776410
84957405909
84952598379
84952562071
84956262673
84952560918
84952590990
84952566556
84952598333
84952598349
84952598323
84959401168
84952595391
84952598301
84952567088
84957798369
84952563098
84952591725
84952566565
84952594766
84952598937
84952541311
84992384353
84952595481
84952583878
89263206198
89262233365
89169011591
89037139947
89162015316
89054529216
89168054124
84952566423
84954553467
84952597941
84957887400
84957072011
84957925959
84957555585
84955850281
84952259353
84957072616
84952560074
84952216340
89035845360
84952592089
84957250990
84952037116
84959436714
84952596801
84952560916
84959567571
89162989604
84954319066
84959819060
84959815870
84952564904
84959412233
89262309969
84952501696
84952595125
84952591731
84953635624
84952565394
84954999723
84956164725
84952596376
84957958732
84952563209
84952596630
84952591967
84951440586
84952596669
84952560841
84957072933
84953888943
84952563323
84951095227
84952597458
84952592725
84951300160
89161277532
84952569673
84952560856
84957752059
84952591636
84952594975
84952592989
84952561696
84952567925
84952590851
84959331045
84959151734
84951294563
84951072381
84952594372
84951099579
84952590969
84952590017
84954010097
84952562746
84952597947
84952591671
84951836662
84952569809
84952563555
84952564577
84952591098
84956252492
84956100813
84957823773
84952561707
84952564732
84952564643
84952562096
84959567993
84952567143
84952595747
84952562305
84952591442
84952591471
84957250676
84952565102
84952567363
84955002039
84957553897
84952592042
84952566939
84951093366
84955047123
84991506667
84954152924
84957737456
84959451530
89263993844
89268798888
89035019928
84957921905
84959401003
89265988736
89055824444
84999723287
89265055513
84955008399
84991836662
84957503102
84959332694
84951953566
84951954223
84951958678
84957408845
84957669464
84957907570
84952592560
84952907850
84954959809
84991954223
84991958678
84956907850
84992575067
84952567510
84952329773
84952593170
84955409292
84959806311
89067954547
84955101524
89161261543
84959402300
84959401500
84959411872
84959401497
84959401957
84957453387
84959402602
84959412276
84959402541
84959410994
84959401335
84959402409
84959402106
84959401281
84959402515
84959402040
84959402265
84959402003
84953784969
84959400335
84959402037
84959402309
84959402248
84954329883
84959400346
84959411845
84952599762
84959411355
84959401785
84959402356
84959401219
84957547107
84959429498
84959401943
84959411694
84959400268
84959400250
84951289171
84955405606
84952511078
84959414020
84959402306
84954564236
84957404020
84959412532
84959400355
84959401218
84951635606
84959402402
84959401503
84959401779
84959402423
84959402007
84959401521
84959169404
84951064929
84991997303
84959457906
84959402857
84959400492
84959402874
84955170558
84959401973
84959411950
84959402156
84959402448
84959502233
84952563361
84959411586
84952599771
89851064929
84999465876
84959412486
84959400295
84959400341
84959402380
84959400366
84959401508
84959400318
84959401385
84959414504
84959402339
84959402094
84957640428
89165403187
84959402312
84959411901
84959411019
84959401080
84959402436
84959400269
84959400333
84959402426
84959402974
84959352062
84959986277
84959401679
84959401274
84996108410
84956540255
84959410038
84959401020
84956855689
84959409218
84956498409
84991289171
84959415684
84956412253
89168036103
89036752362
89262955322
89032139536
84959401675
84959400278
84959402013
84959402509
84959301183
84959402008
89165017029
89168567713
79165308620
84959401304
84959402167
84956601123
89267134807
89160739534
84959400427
89265918336
84956609851
89104297096
89161922806
79108645740
84957898432
84951240091
84991341405
84957862100
89031085489
89031302551
84951711501
89039740657
74957862100
79687626292
84957851958
84959401061
84956093970
89037907338
89652711104
89262828702
84991572895
84951959703
84991577871
84957217516
84959695406
84991573672
84951989214
84991577897
84951985136
84991577413
84991575285
84951987526
84991571385
84991577312
84991577304
84991576560
84991576248
84991577004
84991576026
84991576062
84991572565
84991503645
84991577421
84991572912
84991570249
84991576894
84951987564
84991574554
84991574609
84991576764
84991576483
84991576439
84991576394
84991574182
84991577833
84954991573
89165134843
84991570101
84954991577
84991577890
84991989692
84991572387
84991987891
84991577273
84991577281
84991987526
84991573268
84959246157
84991959703
84991572461
84991577494
84991987869
84991575924
84991577394
84991573652
84991572943
84951980212
84991576574
84991575423
84991576974
84959972520
84991573648
84991959601
84991575929
84991577371
84991987525
84957870707
84991571181
89151162922
84951989692
84991576453
89267255276
84991576180
84951984843
84954991572
84991985153
84951519998
84951577871
84991576824
84991577927
84991574294
84991574754
84991572870
84991576036
84991574664
84991577404
84991577291
84991576374
84991577084
84991573020
84991577902
84991574654
84991576314
84951574959
84991575343
84955054169
84953820173
89057767773
84951981813
84957916205
84991572622
84991577204
84991574940
84951981807
84953865748
84957903171
84991573663
84951576894
89036147212
84956355845
84991574379
84991577414
84951982658
84951985937
84991573110
84951988081
84951980975
84991988804
84991582468
84993689115
84957730550
89161706039
89161549864
89629233295
79262389625
89039686790
89035742454
89037620594
84997286692
84957487171
79057481083
89091528768
89166325653
84991576151
84991574784
89857618336
84991576301
84991577434
84955649245
89269429598
89164050657
84959910911
84991574891
89166337972
84991576260
84953647361
84991576924
84991572537
84991576418
84991577735
84991573662
84955851208
84991575703
89265789510
79262828702
79036672127
79260910846
79262950078
79105986964
89104092821
89096870651
89163356847
79092408077
84991570192
84955109865
84991572026
84955996173
84991574451
84951982228
84991573173
84957998501
84991577748
84991577308
84991576044
84991571483
84991571698
84991577051
84991577213
84991577673
84991575096
84991570697
84991572298
84991577063
84991571559
84991577732
84991577451
84991573548
84991576016
84991573204
84991981964
84991573557
84991571150
84991573658
84991570464
84991576237
84991576489
84991570495
84991572648
84991570252
84991573618
84991576745
84991577576
84957917508
84991577106
84991556738
84957394859
84957888028
84991573554
84957776546
84952257300
84951556738
4991571527
89057904580
84991570760
84991571296
89032549140
89166034713
89166570210
89032890665
89037842209
89057243314
84957223317
89035757859
84991984752
89161303827
89162471257
89260072592
89165158856
89035623638
84957735132
84991574251
84956839154
89032553437
84991575083
89268888959
84954510925
84991571059
84957737003
84991571153
84991571173
84991574178
84991572448
84954516989
84991983460
84991573097
84991574726
84957984577
84957648714
84991571697
84991573343
89032044966
89151200171
84991577832
84991576006
84991577435
84991576018
89163114829
89167070907
84991577858
84991577731
84991584646
84957889569
84955189408
89859963073
89265871177
89161260538
79639649696
89166105458
89260121999
89851282677
89037650391
84959455137
84959456260
84952526438
84959457038
84959457433
84954959460
84959451641
84959451872
84959457323
84959451889
84952556120
84959454422
84959453369
84959457453
84959457234
84959017471
84954561630
84952520682
84959457372
84959457969
84951054227
84952520442
84959450887
84959455890
84959010438
84959457058
84959455602
84959459821
84959455830
84959455607
84959452639
84957130545
84959456747
84959450671
84952523028
84952551284
84959452464
84954541611
84959459293
84959455864
84959453661
84959450700
84959457940
84959457484
84959454829
84959461956
84959450987
84957960854
84959459904
84959457884
84959457869
84959456150
84959459456
84959457169
84959460797
84952551553
84959455272
84952526652
84959411188
84959459292
84959459209
84959451631
84959454510
84959450600
84959452925
84959456310
84959457284
84959455164
84959457414
84959457575
84959452739
84959457682
84959457983
84959450664
84959455771
84959457691
84952522093
84959461658
84952550560
84959459172
84959457937
84959453464
84959941305
84959455955
84959415421
89266070507
89035522076
84959457817
84959456724
84952589945
84959454878
84959457384
84959457569
84959455966
84959457911
84959457324
84959460783
84959450612
84959455927
84992550540
84959455870
84959453754
84959456740
84959451703
84959450662
84959455226
84959454259
84959459321
84959451746
84959450809
84959454729
84959455702
89161340224
89166734700
89495142475
89265968791
84959453381
84959456911
84959457019
84959457207
84959457655
84959457676
89166705273
84951641061
89057197464
84956236386
89636570741
89166356022
89154866482
84959450169
89166518164
89263331198
89165774987
89164566209
89165525526
89168224823
89163565827
89032487861
89165373224
84959419978
89037443692
89175993882
89035684698
89165632744
84951724309
89165179632
89152867099
79037667204
79164428184
79175122768
79189853150
79518770000
79169018906
79265556295
79855259555
79164167859
79859139800
79629093854
92507073639
79295782155
79269881721
79031110964
79175353926
79036830755
79166480370
79151332771
79852171883
79161220743
89091675418
84959788993
89166902326
89852221688
84997557633
89096951535
89262487743
89039696367
89099069228
89166812282
89162322830
89267110890
79169123628
79851566929
89101165889
89153192233
89265280680
89857662845
89166964588
89191005379
89262395539
84959403693
84959402684
84959032499
84957411874
84957549444
84957767173
84957549054
84957549706
84955003701
84957549763
84959414867
84957635184
84957915221
84955407002
84959403591
84959403763
84955180292
84957404628
84951074507
89161760433
84959403124
84959412027
84957267608
84957549930
84955003758
84957947012
84955050215
84959403492
84957549751
84959403460
84959403749
84951953460
84957549251
84957549318
84959403079
84957549441
84991572178
84959511715
84959455813
89104725677
84959402111
84955188126
84957549828
84959403632
84957545410
84959995737
84957549439
84953627999
84952588339
84957549998
84957366353
84957549332
84957549588
84957672554
84954997403
84959403143
84951038947
84959403128
84959403645
84957549712
84959161643
84957549989
84959685665
84957549087
84957549736
84957549643
84957549597
84959403540
84952376518
89161631733
84956125465
84951697826
84954864235
89104732085
84957549741
84956162169
84957549596
84957549363
89166532634
89104643819
89104585319
84957549605
84957549163
84959998374
84956313640
84951632464
89161339140
89104214397
89036693775
89169104262
89168450618
89059881149
89164715962
84955008726
89264514874
84959403497
84957549166
89161643364
89166005306
84959403093
89096342813
89057107278
84956226611
89169054525
89265997176
89166556900
84957549326
84954581865
84956622520
84959036601
84955003715
84959914239
84957478389
84957549709
84959403271
84959403600
84959403748
84955451277
84954959088
84959412168
84957549880
84957549056
89851399051
84959411267
84951953327
84959857277
84959427567
84954832039
84991939680
84959412471
84959413196
84959992463
89104306036
84957549195
84957683123
84957549284
84957495411
84957549008
84957916375
84956122438
84959403848
84951549792
84959431647
84957549138
84957922585
89165390711
84959953299
84957549394
84959402596
84959411510
84959403618
84957971445
84955003755
84957549079
89161416719
84959403240
84959403489
84956265548
84957549622
84959209436
84957549385
84957744354
84957549142
84959645279
84955624530
84952203730
84959403519
84954957549
84957241090
84957549036
84959413874
84955003739
84952202111
84959403836
84957549259
84956265841
84954174514
84959067144
84955003706
84957549003
84957549213
84955003700
84957549311
84957549732
84957696396
89154703376
89031759727
84997407910
84959403921
84959403246
84959403873
84957900947
84959403854
79104214397
79168450618
79057107278
84952226611
89167401240
89166909611
89165018370
84957736530
84957890181
89262750018
79169400884
89037286724
89055441177
89163507858
89104328924
89265263559
89096620779
84997404961
89175185676
89039715840
89851078915
89262191999
79166517088
89150486806
84997404679
79168085059
84991628537
89104226524
89166885974
89166906375
89160168090
89154074297
89151606541
74957635184
89152888520
89199666374
89165161353
89166080073
89261829899
89162095344
89265853782
84997404667
89637125494
89162389742
89166526909
89036798379
89015168216
89161381011
89262041791
79261776020
89152459002
89161921940
89161404003
84957549137
84959970833
84957549670
84957549723
84959410732
84956395029
84955087971
84999431647
89265313578
84991953460
84959402813
79262284533
89190111173
89852229239
79037748797
89031018716
89037400089
89161579188
89265351144
89166267137
89166095214
79166917274
89162502142
89169690922
89262480353
89166786057
89154945025
89265899697
89150248462
89055010425
89267178237
89166429007
89265576367
89166573786
89262215872
84959403638
84957688458
89031364566
84957404910
84959403221
89167803968
84959412607
89263007411
84957549149
84959412917
84959403647
84957556382
89067873522
84991873017
84991364616
84957624828
89035594685
84957258326
84959402645
89166780649
89851033054
89852109051
89055630127
74991953301
89163833934
89166857996
79035371962
79166555111
79268000926
79267075492
79651235001
79104363053
79253200763
79882897259
79037514005
79266605940
79031815333
79687737779
79851173474
79099008731
79031696828
79169503901
79164843741
79261894335
79266201604
79687740777
79851992752
79165590469
79104842265
79671879026
96377757739
79652759021
79057846993
79199703464
79639756558
79035905718
79251005148
79032191091
79261670991
79262070818
79166276587
79268924314
79254242304
79168849999
79262390654
79175000330
79031603666
91683020529
79266181753
79163197494
74957549730
79296053014
79265649919
91505933709
79885991063
79263159771
91549807269
98542601559
79096963617
79252424648
79999888008
79039686290
79806263404
79262227444
79773384802
79039699342
79163150385
79260077878
79685980040
79629513511
79175631033
79037666719
79161563223
79859048227
79684977218
79268870073
79262235000
79257557633
79268715420
79299836566
79025693015
79778356133
79153151705
79161488323
79639634774
79776218514
79037348452
79037969197
79262530391
79175152929
79687046897
79774971667
79167520430
79169093839
79629820022
79607295066
79261767923
79036745449
79164100281
79168278091
79788246977
79067745664
79015020155
79267178237
79250045944
79032101852
79157225859
79160179504
79036197371
79174341287
79186960198
79288800048
79035410712
79100023242
79250364163
79519046049
84956290303
84956766113
84952340686
84959415113
84957395149
84959120807
84959413241
84957725787
84959401700
84959412316
84959337606
79031099076
79258371008
91642990719
74952216629
78523193769
79266660808
79165360441
79161529102
98592364249
79384891901
79775708175
79857625801
79613299905
79266879379
98599810389
79262300181
79165542623
79096442174
79153931818
79684114222
79169917646
79166806401
79037661064
79685727281
79037457055
79037904327
77012226909
79253609759
79825365555
79035459916
79255045705
79015381881
79161290210
79150810823
79184697101
79168160676
79169600487
79167944400
79859604484
79037290845
79653812941
79852104064
79253317480
79857669155
79269202656
79104277011
79689370702
79169933899
84959457159
84959460974
84959457036
84959457913
84959459026
84959457198
84959460181
84959457668
84959460623
84955457254
84959460488
84951391273
84957259932
84959459590
84959454420
84959460814
84959460933
84959460621
84959457235
84959460141
84959455145
84957491246
84959460657
84959460131
84959457877
84959457420
84959457202
84959457478
84997205394
84959457995
84959460054
84959460305
84954007049
84959460351
84959457271
84959460502
84959457381
84959457236
84955008586
84951551787
84959460779
84959460791
84959460422
84959457536
84959460272
84959460008
84957281199
84959460505
84959460781
84954947067
84952336088
84959460864
84954119551
84959457706
84959460850
84959457579
84959457578
84959457293
84959460212
84959460650
84957430244
84957631933
84954117805
84959460546
84959460279
84959460245
84959460037
84959457049
84959460611
84959460164
84959457379
84959460361
84959460836
84959460197
84952999911
84959460171
84959457573
84991576988
84957501878
84959460778
84959460121
84959460849
84959460044
84959453181
84959460946
84959457188
84959460848
84959918340
84957211000
89152253470
89261458262
89036276253
84957225607
89264783587
89031090358
84959457926
84952333113
84959460275
89099430546
84959460132
84959457840
84959460412
84959460953
84959242038
84959420032
84959460735
84959457763
84959460324
84954997401
84959456159
84951324195
84959457085
84959457356
84959460200
84959460108
84953543144
84959640162
84952555856
89037189047
84959451781
84955663642
89109856945
89166831044
79161912279
89161350035
84959460282
89153985700
84959460788
89263752112
89163200950
84959460893
89035187117
84959456049
89262871648
89104504840
89037307090
84956935033
89857639891
89169149466
89057334126
79057812175
89255053773
89161678865
89255064555
89036188910
89104009218
89163195349
89233469535
89037377446
79167008475
84997841006
89266736262
89262040084
89035509855
84991222592
89169641681
89065540906
84955054591
79166467659
89167765949
89165119629
79163012791
89151365653
89167008475
84959452504
84959489658
89161912279
84959547835
84999780563
84952563302
84959457449
89036869368
89199660213
89167785396
84959460761
84959460201
89067218224
84959457171
89165153120
89150845990
89160600779
84957716763
89263981871
89263869860
84997220273
89037377111
84959457642
89175147903
89031432504
71963943260
79037800915
79039618370
79175943126
79057141628
79154618457
79287004070
79222031166
79295378588
79857830335
84959402745
84959403078
84959412721
84959411360
84959833055
84959403040
84959403067
84959405759
84959403043
84959400034
84959403027
84959410781
84959415374
84951095842
84959410907
84959410093
84959412087
84959400300
84959400494
84999739790
84959400386
84959403022
84953632476
84959401360
84959401320
84959410114
84951952318
84959403075
84959412376
84959403045
84959401396
84959402582
84959412014
84959410249
84991522249
84959410087
84959412050
84959410066
84954065654
84959400481
84959412712
84959403035
84959357760
84959411108
84959400382
84959605633
84959412134
84993695848
84959405804
84957926211
84959402200
84959412805
84959411235
84959379790
84959403085
84959400476
84951045642
84959467300
84959402947
84959412731
84959411084
84959400155
84959405778
89161159554
89015362180
89167713333
89268520859
89166047769
89055193334
89055008190
89096844624
89067643999
89164177228
84959405708
89104620592
9037469675
84956601314
84959411512
84959410900
84959200004
89161237062
89161142847
89031319426
84959405728
89166555536
89099137346
89165123092
89167599714
84959400378
89032723305
84959400600
84959410992
84953065163
84959413237
84959413886
84959401870
84959414906
84959412831
84959403401
84959403761
84959403196
84951082187
84957448591
84951919700
84959414306
84952698038
84959401766
84959402234
84959410979
84951040031
84954401229
84951958280
84959410981
84959414040
84959410375
84959403709
84957404197
84954104573
84959414759
84959402452
84959401249
84959402424
84959403406
84959413968
84959401246
84959412660
84959402447
84959413217
84954370688
84959413485
84953728030
84951851037
84959402442
84957418014
84959402466
84955447156
84991561566
84959402266
84959402279
84959402263
84959402714
84959401235
84959402205
84959413036
84959414064
84959401207
84959402414
84959401247
84959402229
84959402228
84959402219
89265237279
89151232481
89055959988
84959402232
84951788859
84959402258
84959401874
84959401883
84959401919
84957278476
84954586489
84951950761
84951958079
84959402227
84959402461
84959403914
84955101901
84959400507
84959401860
89166969729
89265866272
84956740438
89857169995
89161583517
89162385163
89264556534
89261172676
89161713424
84991998483
89166704101
89036882309
89175992590
89262453336
89031368481
89060760596
89030013858
89859206484
89164375776
89169210425
84991916181
89104509341
84997404197
84957057093
84959401912
84957968507
84991950761
84953488907
84956489150
84959402206
89165482705
79161704387
84959401245
84956296747
89169280738
89104813705
89153482653
89165037564
79255023304
79036848510
79108471599
89166017349
89267197934
89269339977
89096687957
89261380481
89055177579
89096222564
89161661087
89854114404
89175821691
79154081364
89851489312
89032120456
89160567820
89037501562
89099351859
89169930076
89689168996
89268168406
79266484144
79160031561
79164289545
79258230812
79166235563
79167429327
79163313978
79263502550
79104444554
79999690001
79267643853
79151435050
79162559840
79661309057
79036225907
79031906303
79250903434
79096227515
79057500236
79265830332
79037216236
79167871373
79653440960
79104738428
79168080778
79773031122
79269835277
79166096926
79212544934
79160609048
79099283304
79161074072
79166325763
79032037213
79857275421
79261483317
79163533326
79263295163
79031579421
79166188840
79995993038
79100005599
90992777749
79167766670
79036402666
79261170777
79636276224
79037357633
79653205906
92684274999
79857840204
79852786677
91632464409
79166839883
79670262625
79104436563
79031301406
79031857147
79537344161
79154203007
79856324012
79250100302
79175573418
79269713434
79057483365
79263468973
79854818696
79037632526
79099924049
79163770670
79055575033
79261129950
79163728441
79168825680
79067533825
79629908506
79160308042
79151169724
79197779988
79854580048
79031414250
79998008172
79163556080
79258298459
79265304038
79260221219
79036231918
79260430702
79167427738
79267365050
79096859977
79645115994
79264663297
79857682698
79296332848
79152057010
79166368265
79103604863
79629849923
79168303370
79166612223
79037180145
79851540564
79154667587
79998182568
79166451544
79031607442
92624650149
79651948337
79629481366
79168216205
79636382622
79063552389
79161248299
79774200046
79686123364
9857840204 /
79161818060
79037967083
79152340374
92610092449
79197252343
79262706095
79154830002
79104139030
79062550525
79263457819
79163633534
79163730831
90373808499
79266311713
79261466453
79853338159
79162642772
79150111805
79689168996
79250213199
79262889492
79036105757
79999734357
79133960777
79104620559
79267259562
79262168577
79252803940
79091629722
79104883576
79037226030
79062565414
79284432222
79154965337
79636054453
79854102097
79267179055
79096899782
90310002539
79096677585
79852655199
79857983366
79037447210
79999875469
91042852039
79039054274
79253334533
79262271373
79857745997
79166920937
79857645446
79262170540
79637120433
79652359555
79663711075
79992131007
79263207563
90300091659
91527876489
79266573859
79269883753
79152319654
79164964694
79267186290
79256277746
79035557211
79104248154
79262292251
79250767056
79857236148
79169909595
91644630509
79268473787
79852097831
79265997239
79168354662
79057729007
79777745201
79031295092
79264102858
79263743751
79035933338
79261524007
79265332605
79264943271
79295700197
79647850808
79166866066
79037434470
79859218688
79168354133
79653865180
79165079577
92672336329
79096294811
79165334375
79260807070
91520084519
79161936338
79256261409
79036110330
79872969088
79153917366
92639112919
79257895801
79295926977
92684894999
79296770702
79035415507
98524211799
79252424464
97794328309
79166023965
79057963872
79067771795
79191073812
79154300208
79254651141
79160679094
79636127442
79163126530
79268888711
79165681517
79037955186
79161401203
79254701120
79167018347
79162308103
79104148844
79260393946
79295204030
79261544034
79055222048
79854638287
79670471882
79262180363
91049537749
79854577945
79154550191
79261097207
91511697249
79266084046
79152826747
79250848086
79858819629
79037553904
79773444537
79039785928
79199702376
79167133954
79857650580
79166434800
79057505705
79859184040
79067226640
97767676129
79037111565
79269361586
92618133299
79645763078
79055534727
79099382862
79262460471
79104351612
79657754444
79037986454
79035977611
79258422455
79152215840
91667343699
79687769602
79854140112
79031828247
74957826818
79680220225
79264953236
79057676493
79099528242
79852560250
79102364155
79873050576
79171034130
79265444083
79261368535
79647170099
79265307242
79998504346
79263200344
79162408988
79168330579
79202545815
79217242410
79258843532
79636266130
79030043950
79251789190
79858886696
79150107809
79162904396
79660941333
79166129184
79637523141
79859699757
79507701705
79032477755
79196952297
79060854235
79060531588
79265686688
79380114984
79032484022
79166022864
79165955953
79069083475
79153710804
79265300963
79033220896
79684218421
79099191495
79150824858
79168060959
79037579009
79037778262
79851423578
79773306880
79106053043
79169470407
79037227961
79261267875
79137070658
79687889888
79162215481
79153279573
79252026706
79032791321
79999940001
79057420012
74959918959
79263237581
79263700070
79859702516
79851540654
79169828682
79168556730
79299991818
79857746597
79150080859
79268286912
79164463050
79255182872
79055059518
79017741893
79878313303
79258440844
79252220788
79688928065
79017040838
79257947294
79164936673
79166527463
79854161975
79037200037
79261425259
79859153236
79162420845
79249298080
79040227093
79851982121
79161999240
79629823311
79780809379
79999828426
79161868989
79013894210
79268678700
79037962880
79639982031
79637569230
79035200327
79154264469
79164345646
79857649342
79032626261
79252087708
79772610485
79151175063
79037233665
79857849405
79164078195
79031445913
79857605115
79200605555
79015784404
79654335783
79261458422
79266971188
79684010202
79256798399
79031527453
79031547694
79266970356
79857285716
79268208406
79250240151
79672230022
79163326670
79256002499
79139755060
79852207629
79684480844
79165039604
79263656576
79036836736
79032001696
79773484611
79166281225
79262844547
79263748379
79264648036
79661945030
79250338111
79163075860
79039606896
79629387187
79167141182
74955414428
79055784905
79055869386
79166709644
79265372223
79636913171
79035564747
79032531771
79268510682
79165237940
79154177223
79853665433
79859992815
79265568019
79263513074
79636767934
79168892193
79997145225
79852100783
79033762409
79651953233
79671608888
79688490787
79037313523
79032313316
79688248059
79857637193
79163556070
79037410794
79175432234
79035057102
79150817664
79265200517
79175777798
74991951287
79055340114
74959413924
79060962552
79032282642
79851004071
79099427992
79264506204
79265331166
79261495742
74991953666
79104824703
79152394640
79153175273
79261812887
79096207407
79266886318
79067953888
79284242338
79131129198
79295877478
74994086619
79036195133
79161184553
79857630871
79152150748
79161649773
79537213065
79220517633
79148711414
79272277750
79031038127
79267005068
79088637587
79136281717
79164809566
79036600715
79269460278
79859175638
79035111735
79263630265
79156069200
79130157902
79163507284
79857678855
79067461604
92652025769
79263978586
79037616691
79250761352
79015992200
79055539339
79255050837
79037616690
89166561771
89167977779
89037955344
89262457586
89157160230
89858564374
89099379797
89036765628
84957977900
89035104761
84991570200
89035844803
89031535920
89030174946
84952343323
84991575765
84991575903
84991573617
84991576547
84991576376
84991577385
84991576569
84991577717
84991575586
84991573014
84991571645
84959950207
84991570487
84951988984
84991577997
84991577775
84956291628
84957224998
84959376310
84959035464
84991572094
84951306655
84991573406
84991573830
84991571594
84991572527
84991571166
84991577195
84991571550
84952595781
84991571924
84991573038
84991573758
84957546362
84954671662
84951067010
84991574438
84991575141
84991570270
84991577036
84955082785
84991573997
84991574966
84951393855
84991571429
84956870771
84991574525
84991572501
84991574432
84991572070
84991573064
84991574170
84991573422
84991574454
84991576505
84953285923
84991574320
84991571976
84991571857
84991572124
84991577085
84991575919
84991575482
84991572517
84991573114
84991577161
84991574745
84991574100
84957214961
84957969626
84991577115
84991571635
84991575878
84951516514
84991573780
84991577125
84957581972
84991572130
84991577537
84959988230
84991577785
84991571936
84991570210
84991575833
84957214900
84951366565
84991576559
84991575170
84991576907
84955095686
84991577941
84991572156
84956100514
84957995122
84956045407
84991576777
84991571837
84991576875
84955022983
84991573897
84991571952
84991572997
84959226313
84957078863
84991571625
84991572685
84951576290
84952580926
84991576604
84991577535
84991574589
84991576479
84991572212
84951980978
84991577365
84991577990
84991574140
84991572132
84991573927
84956834710
84991575767
84991570180
84991573504
84991573516
84952238484
84991577328
84957922315
84951036595
84991572922
84991574166
84954507327
84991571047
84955451920
84991573987
84957238411
84956435940
84991306655
84991576457
84991575796
84991571428
84991573063
84991570109
84991576579
84991575775
84991572066
84991573455
84991576942
84991576790
84991575869
84991577265
84991575886
84991570120
84991576537
84991575145
84991572205
84991573747
84991573339
84991575713
84952238345
84957431116
84954917777
84951488685
84957881010
84991953314
89164157585
89169260345
89165602626
84957602993
89037846682
84956225115
84957200345
89166028073
84991573099
89857491057
84959970135
84959694248
84956019450
84991572866
89851036595
84959767591
84957281490
84955450900
84951575586
84951577717
84991573373
84991366565
84991573512
84991966764
84952233300
84991576891
89031033655
84957298826
89104099758
89032138220
89168000688
89153667576
89185544944
74997477313
89067312073
89104033609
84957058186
89162670247
89166838286
89057502886
89051372674
89031745529
89173951558
84992416149
89859696842
89104508439
89060975305
84991571249
89055702570
89037984150
89163436764
84991574215
84991575130
89851393855
84957990747
89161680577
74991572066
89261773969
79859973196
79193777103
79219572545
79120517480
79831509886
79811039134
79128610303
79039619975
79854152693